1495454400,574
1495540800,573
1495627200,572
1495713600,572
1495800000,571
1495886400,573
1496059200,574
1496145600,576
1496232000,578
1496404800,578
1496577600,576
1496664000,575
1496923200,573
1497182400,577
1497355200,574
1497614400,573
1497700800,572
1497787200,572
1497873600,570
1497960000,569
1498046400,570
1498132800,570
1498219200,571
1498305600,571
1498392000,571
1498478400,570
1498564800,570
1498651200,569
1498737600,568
1498824000,566
1498910400,565
1499083200,563
1499169600,563
1499256000,563
1499342400,562
1499428800,564
1499515200,564
1499601600,564
1499688000,565
1499774400,564
1499860800,566
1500033600,567
1500120000,567
1500206400,568
1500292800,568
1500379200,569
1500465600,567
1500552000,572
1500638400,569
1500724800,569
1500811200,568
1500984000,567
1501070400,567
1501156800,567
1501329600,563
1501416000,564
1501502400,565
1501675200,565
1501761600,565
1501848000,564
1502193600,564
1502280000,565
1502366400,563
1502452800,564
1502798400,563
1502884800,564
1502971200,564
1503057600,563
1503662400,562
1503748800,562
1503835200,561
1503921600,561
1504008000,561
1504094400,562
1504180800,562
1504267200,562
1504353600,562
1504440000,562
1504526400,563
1504612800,561
1504699200,561
1504785600,561
1504958400,562
1505044800,560
1505131200,560
1505217600,560
1505304000,561
1505476800,562
1505563200,562
1505649600,562
1505736000,562
1505822400,561
1505908800,561
1505995200,562
1506081600,563
1506168000,563
1506254400,562
1506340800,561
1506427200,562
1506600000,562
1506686400,563
1506772800,561
1506859200,560
1507032000,561
1507118400,561
1507204800,560
1507291200,561
1507377600,561
1507464000,558
1507636800,560
1507723200,560
1507896000,563
1507982400,562
1508155200,561
1508241600,560
1508328000,560
1508414400,560
1508500800,560
1508587200,561
1508760000,561
1508932800,562
1509019200,562
1509105600,562
1509278400,562
1509451200,562
1509624000,565
1509796800,563
1509883200,565
1509969600,565
1510056000,564
1510142400,562
1510228800,560
1510315200,561
1510401600,561
1510488000,559
1510574400,560
1510747200,559
1510920000,560
1511092800,561
1511265600,563
1511438400,563
1511611200,562
1511697600,562
1511784000,562
1511870400,563
1512043200,563
1512216000,563
1512302400,563
1512475200,564
1512648000,563
1512993600,565
1513080000,566
1513252800,568
1513425600,567
1513598400,571
1513771200,568
1513857600,569
1514030400,570
1514203200,570
1514376000,569
1514635200,570
1514808000,572
1514894400,572
1515153600,572
1515240000,572
1515326400,573
1515412800,573
1515585600,572
1515758400,572
1515844800,570
1515931200,570
1516017600,571
1516190400,569
1516363200,570
1516449600,571
1516536000,570
1516622400,569
1516795200,569
1517054400,570
1517227200,572
1517313600,573
1517400000,573
1517486400,573
1517832000,573
1518004800,575
1518264000,573
1518436800,573
1518523200,572
1518609600,572
1518696000,572
1518868800,574
1518955200,575
1519128000,575
1519214400,575
1519300800,574
1519387200,575
1519473600,573
1519646400,571
1519732800,573
1519819200,576
1519905600,576
1519992000,575
1520078400,578
1520164800,578
1520337600,577
1520424000,578
1520510400,579
1520596800,579
1520683200,580
1520769600,579
1520856000,579
1520942400,579
1521028800,577
1521115200,578
1521201600,576
1521288000,575
1521460800,576
1521633600,576
