36
46
121
81
57
74
56
54
114
53
65
100
51
75
73
75
93
73
97
105
156
53
44
62
67
64
84
195
70
67
62
75
141
114
134
64
101
100
82
78
93
78
101
128
92
139
160
112
137
151
386
134
132
106
95
65
122
43
84
105
39
95
457
135
67
35
49
52
227
62
43
47
48
25
29
30
46
41
13
43
30
33
31
36
34
23
28
121
54
26
36
21
140
47
29
24
40
53
42
37
32
49
30
41
39
85
88
60
65
60
72
72
54
108
60
60
84
145
78
127
112
105
129
159
158
143
193
100
55
188
84
182
187
150
113
73
202
72
80
98
196
59
79
161
91
71
73
224
126
147
138
148
129
184
149
253
95
112
130
74
177
78
134
119
111
163
176
182
68
79
96
164
96
140
107
61
154
84
80
178
197
62
192
48
50
54
122
117
72
44
95
47
45
39
49
145
42
115
48
39
114
24
30
88
62
106
34
30
144
86
97
69
42
48
38
63
60
83
39
22
78
21
41
69
38
26
37
37
34
104
54
65
56
49
59
42
115
23
28
34
23
64
89
49
23
52
78
32
12
11
59
20
29
42
69
133
77
72
32
69
53
38
63
55
42
40
70
41
72
85
30
31
61
83
45
70
52
25
67
60
54
85
36
36
31
46
48
27
55
107
79
41
51
59
42
15
57
87
59
78
88
19
22
27
43
66
59
45
34
87
32
33
51
30
46
73
52
57
23
22
25
44
59
36
27
41
21
23
60
53
87
57
24
23
86
33
21
59
67
58
16
50
20
55
20
67
35
15
33
23
24
29
19
19
41
43
89
41
37
23
20
12
11
17
17
30
12
34
102
19
48
59
32
11
16
24
22
21
38
35
39
14
11
17
24
42
20
23
10
20
46
9
9
18
20
10
42
21
37
12
34
17
46
41
39
25
52
54
14
27
16
9
14
11
17
14
47
21
8
4
12
6
25
24
20
16
6
23
5
2
20
6
24
18
9
17
6
25
32
7
19
21
28
8
21
9
19
29
23
19
4
16
15
20
18
20
9
9
13
23
30
11
3
4
31
14
15
18
7
2
10
5
6
6
4
8
10
14
12
3
13
9
6
14
3
11
11
17
8
10
9
7
12
11
7
10
2
9
5
6
8
4
2
13
0
3
5
8
4
3
3
1
0
2
230
135
247
417
240
412
467
598
545
322
179
321
414
257
285
423
232
287
308
327
275
256
546
824
335
416
610
462
296
618
267
324
125
180
515
242
378
265
317
323
377
230
398
237
217
360
464
253
992
313
442
326
170
195
242
304
148
371
169
346
354
392
314
357
356
164
386
352
419
253
217
343
299
122
88
213
284
194
240
238
404
346
460
352
388
369
233
361
303
266
195
336
413
156
367
227
160
508
535
132
264
347
266
316
471
325
204
304
271
395
255
355
369
229
135
445
442
614
458
384
557
355
379
306
223
254
424
357
407
364
392
563
380
395
391
183
438
184
165
291
177
335
313
488
300
304
297
273
229
435
308
257
424
338
432
394
171
401
230
413
365
397
221
332
319
308
415
188
159
168
331
447
201
256
325
288
309
224
150
329
307
366
357
244
118
176
234
205
368
289
327
185
230
197
272
126
175
255
182
213
202
148
148
201
249
228
240
160
175
206
187
186
279
278
111
275
204
173
123
182
261
118
176
128
257
197
151
106
124
135
163
215
119
121
198
145
108
139
103
178
145
170
178
97
134
147
165
154
137
129
99
119
65
112
109
91
202
103
114
144
109
109
120
89
133
121
82
97
145
145
101
101
96
126
102
143
110
58
92
99
169
180
110
71
118
155
174
124
78
113
115
98
74
116
165
124
123
79
140
153
128
136
127
102
101
121
86
72
100
96
85
73
61
103
88
87
97
137
111
110
61
82
92
70
68
65
41
90
49
47
52
39
59
61
31
72
50
68
48
44
87
32
53
22
34
52
67
43
36
28
66
62
51
74
47
63
41
48
42
56
73
50
38
42
78
34
26
39
39
36
46
34
20
63
62
22
59
41
36
21
52
37
47
27
38
25
34
39
21
27
60
38
34
30
41
23
33
56
33
28
30
28
31
48
45
23
49
37
174
97
118
71
60
59
44
69
45
54
56
35
57
44
36
67
54
93
83
24
30
36
61
37
33
35
50
35
71
52
67
85
62
88
78
90
72
39
33
17
19
23
18
18
20
12
16
19
14
21
16
19
16
23
10
21
18
15
13
24
20
32
15
28
12
21
29
24
8
12
4
23
15
22
7
8
7
6
15
32
8
5
4
12
8
6
5
6
70
47
59
39
73
62
55
55
29
38
50
108
52
61
54
84
62
105
82
35
64
41
31
36
48
113
59
49
78
46
55
34
43
42
102
46
65
76
58
45
47
49
58
36
45
35
38
27
42
36
44
51
18
47
54
22
34
19
29
26
22
21
22
19
26
18
16
28
35
23
29
23
13
14
21
20
15
16
16
19
30
27
23
18
22
13
13
8
12
14
13
25
20
22
11
14
26
7
12
9
14
24
13
12
63
47
34
99
64
91
100
63
80
106
60
82
63
53
50
52
48
70
60
59
62
103
73
93
71
70
97
56
65
51
88
52
48
59
57
37
70
64
60
48
49
46
31
54
80
44
69
71
48
48
36
44
41
31
47
48
64
39
56
59
39
77
27
34
55
41
61
45
62
45
53
45
54
47
32
31
34
44
41
52
42
50
46
50
57
46
69
55
31
41
27
47
42
53
44
54
46
51
45
54
49
37
43
25
50
39
43
31
49
42
38
49
32
42
54
40
32
41
60
44
70
35
59
39
47
39
35
37
34
53
40
27
26
52
26
36
41
31
29
49
27
50
26
23
52
18
39
53
37
34
59
31
40
37
32
42
28
27
37
31
26
38
51
19
21
51
55
18
46
25
47
38
23
46
33
32
38
24
37
40
30
29
36
26
32
29
36
26
39
33
34
30
33
28
35
42
20
29
33
20
21
25
28
42
28
30
29
32
19
40
29
18
28
29
40
33
30
27
34
24
36
28
26
42
40
20
23
27
24
21
31
9
11
28
40
17
25
22
12
23
24
35
13
31
25
15
17
16
23
23
26
17
22
21
18
25
24
14
18
12
17
21
14
15
20
17
26
21
18
16
14
18
19
23
19
15
23
20
18
20
26
14
18
25
18
14
19
11
11
12
7
4
9
